['00644.jpg', [2, 108, -30, 0.3634759864316045, 0.792754520763815], [2, 65, -25, 0.4006756722624056, 0.8629446934542355]]
['00359.jpg']
['00347.jpg', [2, 6, 17, 0.430398350391336, 0.6900079474265788], [2, 56, 120, 0.5746027854279029, 0.3356495757806414]]
['00420.jpg', [2, 107, 105, 0.6561337500570807, 0.3644112347225059]]
['00136.jpg', [2, 132, 60, 0.5290562989560059, 0.3858479933772434], [2, 9, 113, 0.3526890403845571, 0.4805787929130676], [2, -81, -21, 0.6481170258114302, 0.7856145904546805], [2, 58, 48, 0.4578257129095777, 0.6480029833929046]]
['00693.jpg', [2, -20, 61, 0.6603109637003592, 0.4658451083481444]]
['00249.jpg', [0, 117, 84, 0.40834879277758773, 0.42901456219254136], [0, 123, 68, 0.3763813548922348, 0.4420464354901615], [2, 123, 68, 0.3763813548922348, 0.4420464354901615], [0, 120, 96, 0.3206701239705132, 0.3991480993571283], [0, 114, 60, 0.28310580369756205, 0.5375960670595117], [2, 114, 60, 0.28310580369756205, 0.5375960670595117], [0, 140, 23, 0.3104269386232036, 0.49000228709804156]]
['00679.jpg', [2, 0, -35, 0.802042978309617, 0.3984879459027829], [2, 81, 45, 0.5390464286736745, 0.5969496774478568]]
['00706.jpg', [2, -8, -7, 0.5413971036821332, 0.532503169720494]]
['00012.jpg', [2, -30, -43, 0.4237098541766455, 0.7579605348714428], [2, 15, 32, 0.4353828555894138, 0.4617871276405369]]
['00466.jpg', [0, 165, 124, 0.49533816920912094, 0.2895463406923221], [1, 165, 124, 0.49533816920912094, 0.2895463406923221]]
['00083.jpg', [2, 137, 100, 0.44193387216047403, 0.3998200579197881]]
['00019.jpg', [2, 26, 48, 0.6619950941643529, 0.43054271455000503]]
['00313.jpg', [2, 26, 77, 0.6777154657460485, 0.3187017917136044]]
['00412.jpg', [2, 39, 84, 0.5832783726515332, 0.42277200109272917], [2, -16, -27, 0.5032479270552704, 0.7565661838597811], [2, 1, -68, 0.5395000579020491, 0.7614701733551398]]
['00407.jpg', [2, 37, 95, 0.6754952048455706, 0.34500959249957497]]
['00156.jpg']
['00567.jpg', [0, 141, 96, 0.29023059549625696, 0.2948904989759072], [0, 138, 80, 0.2809926672767921, 0.35338457060850176], [0, 128, 82, 0.3602378749039117, 0.3043456642610991], [0, 131, 16, 0.3146484887654519, 0.5333190058583692]]
['00108.jpg', [2, 39, -38, 0.5355854960662372, 0.7466843496739276], [2, -8, -335, 0.42120050933129194, 1.42372457982701]]
['00027.jpg']
['00510.jpg']
['00530.jpg']
['00186.jpg', [2, -28, 63, 0.752552330696981, 0.47478492180290516]]
['00361.jpg']
['00669.jpg']
['00317.jpg', [2, 33, -141, 0.47238047043961584, 0.7225283487153515]]
['00618.jpg', [2, 72, 52, 0.44709927546808553, 0.563788740365266]]
['00096.jpg', [2, 44, -85, 0.4289405114256106, 0.5169966477143076], [2, 52, 43, 0.5578285577393803, 0.45517534674011056]]
['00485.jpg']
['00167.jpg', [2, 115, 38, 0.5515850207020417, 0.4541946039572514]]
['00462.jpg', [2, 67, 12, 0.34010624268751005, 0.8610068049030172], [1, 23, 20, 0.2935217804950725, 0.7998694093186343], [1, 31, 1, 0.347160376225638, 0.9182311035855599], [2, 34, 83, 0.5363432766103501, 0.5250172424438245], [1, 93, 57, 0.40285110840458005, 0.7570259480084928]]
['00146.jpg', [2, 12, 55, 0.662011457560099, 0.5104110350171913]]
['00522.jpg', [2, 1, -101, 0.39726676896712526, 0.8007362421231949]]
['00443.jpg', [2, -5, 73, 0.5850622317653678, 0.5194063404136926]]
['00035.jpg', [2, 1, -71, 0.5789768735720481, 0.7882339954968702], [2, 37, 71, 0.604124634182331, 0.5114614904862802]]
['00439.jpg', [2, 27, -72, 0.6861112039576989, 0.5891694416875283]]
['00670.jpg']
['00263.jpg', [2, 71, 33, 0.5649893189987952, 0.5562829932902582], [2, 37, -234, 0.4189595460019776, 1.1584960906888628], [2, 32, -162, 0.46044998828290623, 1.026355770581216]]
['00260.jpg', [2, 31, -121, 0.611397827299983, 0.6149344862864223]]
['00288.jpg', [0, 164, -7, 0.18978635035328376, 0.5009871669863767], [0, 134, 105, 0.2885766890495322, 0.3038207505518495], [0, 131, 16, 0.1974953316673734, 0.6061247974973751]]
['00046.jpg', [2, 48, 61, 0.63089687302715, 0.45484620926217395]]
['00148.jpg', [2, 61, 65, 0.48941807901517964, 0.5070318412768821]]
['00694.jpg']
['00272.jpg', [2, 67, 14, 0.49735125020173304, 0.47206667377478867]]
['00652.jpg', [2, 67, 130, 0.4071717755222312, 0.3330961613799333], [2, 51, -21, 0.3075512755746183, 0.8170255339224024]]
['00233.jpg', [2, 96, 78, 0.46569274360031115, 0.7132978046676155]]
['00483.jpg', [2, 30, 31, 0.5171542082474593, 0.35821655228761856]]
['00491.jpg', [0, 77, 94, 0.44478743732283327, 0.38403652291875867], [1, 77, 94, 0.44478743732283327, 0.38403652291875867]]
['00583.jpg', [2, 109, -3, 0.40277640075811116, 0.6627972469630844], [2, 78, -3, 0.4819933624025686, 0.5373471993217636]]
['00448.jpg', [2, 45, 102, 0.5837977212331744, 0.30394870036598604], [2, -23, -36, 0.47499998738100985, 0.5993728916765537]]
['00511.jpg']
['00660.jpg', [2, -8, -191, 0.4454330910088554, 1.3570238911346588], [2, 90, 71, 0.48630333044488544, 0.5863159443151417]]
['00177.jpg', [2, -16, -108, 0.7124037790785342, 0.6232663700744867], [1, 72, 125, 0.3810290223666569, 0.7191073072012089], [2, 72, 125, 0.3810290223666569, 0.7191073072012089]]
['00310.jpg', [1, 75, -43, 0.21161147062895158, 0.9513168709079493], [1, 89, 5, 0.16004570224496384, 1.108019774589369], [1, 62, 101, 0.2865421814341655, 0.5711966962401717]]
['00353.jpg', [2, 60, 37, 0.46371522577383734, 0.5797806959068258]]
['00169.jpg', [0, 99, -83, 0.36057079026456634, 0.7884644133312289]]
['00174.jpg', [2, 3, -28, 0.6565422516459877, 0.6232287439325074], [2, 128, 57, 0.4313512198835373, 0.629302324418008]]
['00151.jpg', [2, 0, -95, 0.603115489794771, 0.8649434225467586]]
['00467.jpg', [2, 107, -50, 0.3745127633021619, 0.7514247876847407]]
['00509.jpg', [1, 107, 159, 0.4707498000174716, 0.2219901682090295], [1, -21, 92, 0.3935540392741091, 0.4778201752489315]]
['00565.jpg', [0, 125, -95, 0.3003212292057435, 0.975312436861466]]
['00296.jpg', [0, -19, -7, 0.4482624353649341, 0.5907928305998358], [0, -27, -5, 0.5179865518094477, 0.5792299966733682], [0, -25, 49, 0.6161518896764896, 0.4313797928258255]]
['00576.jpg', [2, 22, -311, 0.42256798379129384, 1.4082746099249168]]
['00050.jpg', [2, 7, -41, 0.6602647870107334, 0.7470599043489804], [2, 119, 52, 0.4245138176621868, 0.7073576785262595]]
['00441.jpg']
['00568.jpg', [2, 32, -63, 0.5865571384965551, 0.48350396345307123]]
['00246.jpg', [2, -9, 83, 0.7801586160277936, 0.32527117808168843]]
['00593.jpg', [2, 0, -46, 0.4043714323000839, 0.7460659744822724]]
['00302.jpg', [2, -12, 111, 0.4818668873654844, 0.34443900767944696], [0, 121, -13, 0.28181046341881216, 0.7390637442911534], [0, 107, -141, 0.20548701882051978, 1.0558758753482507]]
['00267.jpg', [2, 63, 56, 0.4973940433247661, 0.4335952333555567], [2, 29, -123, 0.46348474682788193, 0.9397667222978607]]
['00087.jpg']
['00571.jpg', [2, 67, -46, 0.27743153629462, 0.9587744841592352], [2, -18, 10, 0.5779567291737261, 0.6437316603444522], [2, 12, 62, 0.5375069296008052, 0.5132221238047284]]
['00170.jpg', [2, 114, 11, 0.3391901638483093, 0.8667920320339187]]
['00489.jpg', [2, -11, -272, 0.44707083699801603, 1.2778814934415126], [2, -13, -232, 0.5073025309371622, 1.3672945873906677], [2, 86, 69, 0.5003262747015693, 0.6235123587175648]]
['00470.jpg', [2, 59, 12, 0.39655930449221116, 0.40540424728569985]]
['00524.jpg', [2, 123, -1, 0.5487348372391655, 0.7066884580225204]]
['00094.jpg', [2, 64, -31, 0.3794251324698321, 0.6911961512514625], [2, 119, 38, 0.4371765029978391, 0.43260184237012206]]
['00601.jpg', [2, 105, 57, 0.4316319682649269, 0.7744195525346671]]
['00183.jpg', [2, 17, -60, 0.5775672487109424, 0.7165842600442415], [2, 110, 37, 0.41074392090781753, 0.7029061365999768]]
['00549.jpg', [2, 52, 2, 0.5746341583636823, 0.5316950569321992]]
['00221.jpg', [2, 182, 92, 0.2671828527791263, 0.3364043003943391], [2, 199, 52, 0.18503516950645063, 0.487323851529242], [2, -27, 33, 0.6062307618748459, 0.5129031511217134], [2, -65, -137, 0.4981965883893487, 1.114233875480476]]
['00315.jpg', [1, 146, 154, 0.30926355261371224, 0.3102286602715981]]
['00351.jpg', [2, 20, 92, 0.7088204148998086, 0.33054709479680616], [2, 9, -40, 0.5454994124823566, 0.6292139913548416]]
['00207.jpg', [2, -1, -28, 0.3817150300831683, 0.5363204681372167], [2, 57, 43, 0.5222048954503008, 0.6170044393073019]]
['00548.jpg', [2, -5, 1, 0.5116052903677153, 0.5121853480178141]]
['00640.jpg', [2, 81, 138, 0.3438489644423286, 0.207235184216368]]
['00270.jpg', [0, 68, 64, 0.36192783341917806, 0.608110792952263], [2, 68, 64, 0.36192783341917806, 0.608110792952263]]
['00076.jpg']
['00100.jpg', [2, 29, -59, 0.498627186091033, 0.9279209045490044], [2, 126, 45, 0.4470193808113846, 0.6994490945063859]]
['00705.jpg', [2, 18, 68, 0.724400796749958, 0.49504625839074323]]
['00214.jpg', [2, -1, 28, 0.44624348012359355, 0.615640013477908], [2, 105, 50, 0.6209044044990244, 0.3483057585714653]]
['00385.jpg', [0, 141, 53, 0.3242332166953227, 0.5922692187338299], [2, 81, 56, 0.430881153358761, 0.7187275332374503]]
['00699.jpg', [2, 132, 69, 0.44149471742644264, 0.41200443440292595], [2, 42, 7, 0.5052612273431252, 0.7622876260694654]]
['00363.jpg', [2, 46, -33, 0.4287271324793183, 0.805511347167831], [2, 111, 49, 0.5053553272851846, 0.4534714886068532]]
['00117.jpg', [2, 74, 64, 0.4859876765028876, 0.43854135739385075], [2, 23, -113, 0.4371538841319596, 1.034941132543948], [2, 27, 130, 0.5282648057608319, 0.492976839906546]]
['00397.jpg']
['00237.jpg', [2, 0, -144, 0.3380687184501157, 1.1840854111881445], [2, 140, 46, 0.3233380375679766, 0.43901814243415943], [2, -97, -79, 0.5310125108930465, 0.7997718054679163], [1, 165, 83, 0.3079419780744152, 0.3977699403690846]]
['00284.jpg', [2, 52, -138, 0.33700403583124955, 1.2612450670026434], [2, 11, 37, 0.7258269317216633, 0.5061905235068079]]
['00327.jpg', [2, 5, 23, 0.4833431316825771, 0.5047979715231425]]
['00526.jpg', [2, 56, 47, 0.5212391455641248, 0.4858600993911226]]
['00479.jpg', [2, 20, 23, 0.6527537909396595, 0.34160169502132665], [2, -12, -255, 0.43303588376856705, 1.061736517363068], [2, -18, -137, 0.5110194906623947, 1.1029253121689417], [2, 76, 49, 0.40616981949175274, 0.695991486048634]]
['00322.jpg', [2, 38, 56, 0.620594385299668, 0.46551358291095135]]
['00244.jpg', [2, 122, 37, 0.40724316478913847, 0.5132982858660787]]
['00360.jpg', [2, -4, 25, 0.3523094480357513, 0.6788058851413835]]
['00541.jpg']
['00168.jpg', [2, 50, -105, 0.43186639529210724, 0.7731997946401844]]
['00243.jpg', [2, -43, -3, 0.6733400084892244, 0.4504557554146198], [2, -18, -267, 0.42348663643406487, 1.873982735134028]]
['00144.jpg', [2, 117, -118, 0.35469648563712985, 1.2516390015688115], [2, 114, 95, 0.5555902044023866, 0.418141444726077], [2, 24, -156, 0.40221666111510485, 1.24904524480854]]
['00211.jpg', [2, 70, 150, 0.5459708774499603, 0.3709922709243056], [2, 49, 44, 0.4414902355399081, 0.52898869181794]]
['00498.jpg', [2, -33, -5, 0.606632925546225, 0.6844754324100444], [2, -52, 37, 0.796233357267308, 0.5139226867620883]]
['00054.jpg', [2, 132, -88, 0.33101014365231546, 0.8451207636186057], [2, 141, -34, 0.37304697300298534, 0.7492499926593293], [2, 9, 97, 0.5351218501083049, 0.4109522196870127], [2, -68, -12, 0.4508617705550727, 0.731802202319253]]
['00547.jpg', [2, -24, -32, 0.5300865675279655, 0.7607474090902]]
['00031.jpg', [2, 19, 134, 0.3096962478847929, 0.38966283434667764]]
['00264.jpg']
['00303.jpg', [2, 13, -58, 0.7031844790763104, 0.5343604242073674]]
['00603.jpg', [2, 55, -124, 0.3336904103582412, 1.3565757252211328], [2, 104, 52, 0.3947089037503211, 0.6928922474330793]]
['00135.jpg', [2, 21, 29, 0.4780237331594882, 0.5778486952186687]]
['00646.jpg', [2, -9, 27, 0.5323390622988002, 0.6792501192196779], [0, 201, -29, 0.19117241693498968, 0.6453131120555385], [2, -73, -88, 0.4166571901463855, 1.0573164347776038]]
['00476.jpg', [2, 48, 4, 0.4034131488175368, 0.5607422244018851]]
['00649.jpg', [1, 77, 30, 0.2743481276922279, 0.6656162838868492], [2, -94, 30, 0.8368346335016906, 0.5228881162911373], [2, 57, 61, 0.42209242131110386, 0.7316067024525995]]
['00516.jpg', [2, 103, 78, 0.4549907543371652, 0.45113324149721623], [2, 141, 67, 0.3383163374130902, 0.723108327894681]]
['00200.jpg', [2, -17, 16, 0.4495504473697082, 0.8475069762525487]]
['00387.jpg', [2, 3, 37, 0.4830565046015915, 0.6629969485726771]]
['00480.jpg', [2, 54, 43, 0.48952019023345167, 0.5628598734962897], [2, 11, -129, 0.39891091916379195, 1.1347627595022898]]
['00504.jpg', [0, 210, 28, 0.25921336908866477, 0.5017422604000358], [0, 192, -39, 0.23122558431529033, 0.8061280600055885]]
['00478.jpg', [2, 8, -64, 0.669589625750294, 0.7702121819186795], [2, 86, 44, 0.48615530730284756, 0.7003913861152635]]
['00304.jpg', [2, 65, 78, 0.4927693919108762, 0.3444886428695909]]
['00663.jpg', [2, 0, 7, 0.475803985721963, 0.7171082385634096]]
['00698.jpg', [2, 68, 83, 0.5227328073049865, 0.5375422371407234], [2, 27, -95, 0.5736711023899305, 0.9880836976635506]]
['00421.jpg']
['00057.jpg', [2, -17, -84, 0.36600796214481623, 0.9665776576677814], [2, -13, 9, 0.5643091090770788, 0.6715148981611487], [2, 0, 16, 0.5680444586101842, 0.6936214233910898]]
['00129.jpg', [2, 71, -35, 0.4865294747353106, 0.49916286711494867]]
['00678.jpg', [2, -58, 133, 0.7451581153321816, 0.31838752319953395], [2, -149, -27, 0.5528540581960619, 0.7731154021057737]]
['00474.jpg', [2, -12, -44, 0.6559356439416859, 0.8527552849709474]]
['00464.jpg', [2, 64, 67, 0.5458890018490044, 0.38257115562513444], [2, -15, -41, 0.5584865454234573, 0.6622713698371002]]
['00377.jpg']
['00341.jpg', [2, -24, 55, 0.6424067665740826, 0.368990318715101]]
['00682.jpg', [2, 17, -105, 0.6023022367987336, 0.8845431273634317]]
['00555.jpg', [2, -5, -85, 0.75302071137614, 0.703944719810462], [2, 94, 45, 0.40099619456115115, 0.7281215353551449]]
['00198.jpg', [2, 39, 43, 0.4058157638972245, 0.5783498436361421]]
['00455.jpg', [2, 63, 115, 0.6613879165144958, 0.42724600136665636], [2, 51, -181, 0.3693374129959883, 1.257725035134463]]
['00113.jpg']
['00586.jpg', [2, 21, -95, 0.5172665217946685, 0.9118489207167044]]
['00442.jpg', [2, 90, 50, 0.6148128227207593, 0.4122601560349048]]
['00390.jpg', [2, 109, 36, 0.44381171789714, 0.7390663765074443]]
['00400.jpg', [2, -16, -47, 0.5151948989991542, 0.8610774241254738], [2, 72, 55, 0.4202815717854156, 0.6608776141364037]]
['00005.jpg', [2, 42, 75, 0.6389284191325842, 0.4794998419345154], [2, 15, -90, 0.5733803948695693, 0.884221602613686]]
['00235.jpg']
['00440.jpg']
['00405.jpg', [2, 17, 81, 0.5540322923503014, 0.3599973983538332]]
['00551.jpg', [2, -7, -83, 0.4495516263642221, 1.1481535810351589], [0, 169, 98, 0.35402554215760357, 0.4980275416594535]]
['00659.jpg', [2, 100, 24, 0.5804713890447613, 0.6651008627189091]]
['00457.jpg', [2, 25, 58, 0.6335595907661248, 0.4600531226197907]]
['00535.jpg', [2, 43, 12, 0.5494044336339883, 0.5668131570576862]]
['00692.jpg', [2, 46, 65, 0.5327697156921747, 0.42426662961741524], [2, -47, -61, 0.6151676873768452, 0.787340955861343]]
['00624.jpg', [2, 132, 95, 0.3793031446484843, 0.5047402052853663], [2, 47, 5, 0.45144004803497984, 0.7498511152819078]]
['00525.jpg', [1, 24, 78, 0.31624968012058957, 0.6417697468115802], [2, 24, 78, 0.31624968012058957, 0.6417697468115802], [2, 9, -4, 0.2985104713319024, 0.8187552099619959]]
['00015.jpg', [2, 17, 71, 0.7232332650067546, 0.4765818206829219]]
['00044.jpg', [2, 6, -33, 0.2961526082096838, 0.8178191205234246]]
['00430.jpg', [2, -11, 52, 0.6570088017674668, 0.42424255587525284]]
['00423.jpg', [2, 6, 54, 0.35207881497437177, 0.7432138179701381], [2, 4, -62, 0.5081500720010108, 0.9205619373251561]]
['00104.jpg', [2, 8, -64, 0.6502928360957503, 0.525671526771897]]
['00634.jpg', [2, 98, -13, 0.3692364541676539, 0.677682028972875]]
['00625.jpg', [2, 103, 119, 0.5959956985761888, 0.35335431141539086], [2, 89, -177, 0.4191178480247974, 1.2184879991677378]]
['00533.jpg']
['00290.jpg', [2, 95, 80, 0.4569309571757592, 0.6028892090804948]]
['00193.jpg', [2, 35, 120, 0.47609616244961095, 0.41164888035936653], [2, 12, 11, 0.4700529580263458, 0.5414603131366895]]
['00689.jpg', [1, 31, 69, 0.2609065609303821, 0.772179798224275], [1, 51, 210, 0.2756031817698629, 0.5965778202843559]]
['00572.jpg', [2, 76, 43, 0.37279818071195986, 0.4693289147379006], [1, 55, 70, 0.6278145189845054, 0.29578450594832056], [2, 55, 70, 0.6278145189845054, 0.29578450594832056]]
['00403.jpg', [2, 57, 32, 0.45367342082822143, 0.5019292307372061], [2, -18, 82, 0.45584912424472696, 0.5272753650100764]]
['00014.jpg', [2, 38, -45, 0.3688675609227182, 0.8733804727017355], [2, 9, 0, 0.44139264818882784, 0.6520586356862424]]
['00406.jpg', [2, -19, 29, 0.5715752326494176, 0.5202510936207688]]
['00563.jpg']
['00227.jpg', [2, 124, -7, 0.4613582729747764, 0.6530202232671897], [2, -30, -20, 0.6294696376889969, 0.6423745667947682]]
['00268.jpg', [2, 59, 55, 0.5067976423118044, 0.5122786519955237], [2, 18, -160, 0.4490837101185268, 1.053217732694776]]
['00497.jpg', [2, 29, 64, 0.5978856479356063, 0.40427915871126435]]
['00364.jpg', [0, 109, -49, 0.4043996063606513, 0.6439405365731256], [0, 103, -21, 0.4037277572367822, 0.6317229229791758]]
['00665.jpg', [2, 75, 6, 0.7603200501703546, 0.37358351034715526]]
['00529.jpg', [0, 40, 37, 0.53209621491256, 0.4475570683153646], [0, 140, 27, 0.39639616259926497, 0.5455008954684151], [0, 108, -22, 0.4261554978384429, 0.6800023277651234]]
['00002.jpg', [2, 124, 35, 0.4946038306756692, 0.49127732958496556]]
['00070.jpg', [0, 120, 91, 0.4449567846228472, 0.4254246095304468], [1, 120, 91, 0.4449567846228472, 0.4254246095304468], [1, 62, 65, 0.6085808525068748, 0.41126011681585634]]
['00188.jpg', [2, 11, -248, 0.45128699817033674, 1.4753975353951938], [2, 69, 78, 0.5331343920972603, 0.5715083492975402]]
['00409.jpg']
['00329.jpg']
['00161.jpg', [2, -10, -78, 0.5434800320697065, 1.1085401194838895], [2, -51, 46, 1.0261262206079964, 0.44462654267293533], [2, 85, 81, 0.5127844168638651, 0.5912782221326521]]
['00346.jpg', [0, 72, 91, 0.5538114110388302, 0.3527720094797362], [2, 72, 91, 0.5538114110388302, 0.3527720094797362], [0, 49, 83, 0.6029286203200896, 0.38751973599134343], [1, 49, 83, 0.6029286203200896, 0.38751973599134343], [2, 49, 83, 0.6029286203200896, 0.38751973599134343], [2, 61, 84, 0.5181370102677356, 0.5502035491029408]]
['00223.jpg', [2, 3, -82, 0.6358504288551592, 0.8488153704392013], [2, 82, 64, 0.4603793474670963, 0.7440020697562173]]
['00157.jpg', [2, 29, -35, 0.48498980540797043, 0.8537485253360791]]
['00413.jpg', [0, 133, 125, 0.2583406007441045, 0.5073062436677029], [0, 121, 111, 0.268319176074246, 0.5122156333098786], [2, 121, 111, 0.268319176074246, 0.5122156333098786]]
['00369.jpg', [2, 4, 81, 0.7774550884862077, 0.36231934810909056], [2, 41, -105, 0.3701031847000547, 1.0181787290125233], [2, -49, -50, 0.6270874995719354, 0.639992582003836], [2, -9, -125, 0.5147876629961254, 0.8443390800533462]]
['00445.jpg', [2, -11, 109, 0.5889355136869772, 0.33919083102017]]
['00197.jpg', [2, -18, 50, 0.8308543856135927, 0.4392709234083898]]
['00225.jpg', [1, 71, 115, 0.4717413055396981, 0.31779911831140933]]
['00039.jpg', [2, 93, -8, 0.3406749799199712, 0.6460514106752602]]
['00493.jpg', [2, 25, -99, 0.377692347108096, 0.9022103602052274], [2, -13, -67, 0.6352682935084725, 0.6263229572410611]]
['00194.jpg', [2, 128, -84, 0.36540288966144674, 0.9782557571737079], [2, 125, -147, 0.4207366112342551, 0.8007960207476968], [2, 72, -43, 0.5657150348182404, 0.6512063535026403], [2, 114, -91, 0.5006041047379629, 0.7503318704648153]]
['00205.jpg', [2, 72, -19, 0.47387962593103394, 0.7838494596272069]]
['00519.jpg', [2, 38, -90, 0.4785766919990187, 0.8209213237936338], [2, 97, 34, 0.3851182802182936, 0.7249148033126457]]
['00155.jpg', [2, 1, -18, 0.6383259044195371, 0.5672256593528], [2, 92, 31, 0.40769362726664654, 0.7214535752049723]]
['00410.jpg']
['00253.jpg', [2, 112, 77, 0.2691988688877831, 0.4165517348729197]]
['00097.jpg', [2, 101, 109, 0.6336102627394654, 0.4740676784661868], [1, 64, 37, 0.4599070592583484, 0.6961613019862848]]
['00451.jpg', [2, 130, -19, 0.32765378592271777, 0.7132005469934134]]
['00309.jpg']
['00228.jpg', [2, 113, -73, 0.2678162501500049, 0.900214472755234], [2, 26, 43, 0.6370031513193533, 0.4582791883900763], [2, 91, 77, 0.5045582284515567, 0.5257273726138645]]
['00042.jpg', [2, 122, 85, 0.4281701080011003, 0.4733986589993317]]
['00631.jpg', [2, 139, 13, 0.44500742582467, 0.7319314802973029]]
['00084.jpg', [2, 83, 4, 0.4339860910848411, 0.7057231682835134], [0, 112, 149, 0.40424355410286406, 0.3907483812875103], [1, 112, 149, 0.40424355410286406, 0.3907483812875103], [0, 89, 228, 0.3841877063035393, 0.38297899274410485], [1, 89, 228, 0.3841877063035393, 0.38297899274410485], [2, 89, 228, 0.3841877063035393, 0.38297899274410485]]
['00687.jpg', [2, 19, 30, 0.4693093271991401, 0.5526310466839804]]
['00023.jpg', [2, -3, -9, 0.5723907333043039, 0.8385243892899316]]
['00654.jpg', [2, -99, -28, 0.6096851689943071, 0.6498975891206281]]
['00366.jpg', [2, 35, 73, 0.660655668792419, 0.4288219607420833]]
['00383.jpg', [1, 86, 165, 0.2984670913671384, 0.5339141901048499], [1, 68, 180, 0.4152046661708924, 0.3515691413561806], [1, 52, 239, 0.4716031259440018, 0.2704502879409697]]
['00047.jpg', [0, 201, 113, 0.45011028590742164, 0.3830407121242938], [1, 201, 113, 0.45011028590742164, 0.3830407121242938], [0, 79, 159, 0.3667518321128404, 0.5470156248229886], [1, 79, 159, 0.3667518321128404, 0.5470156248229886], [2, 79, 159, 0.3667518321128404, 0.5470156248229886]]
['00680.jpg', [2, 115, 39, 0.4469136873135266, 0.6635220390396188]]
['00089.jpg']
['00339.jpg', [2, 102, -51, 0.47406359585139335, 0.8365858122844294]]
['00321.jpg']
['00025.jpg']
['00352.jpg', [1, 25, 174, 0.31923327055191675, 0.39586612620565187], [0, 45, 195, 0.3079786224658071, 0.36884431052535704], [1, 45, 195, 0.3079786224658071, 0.36884431052535704], [2, 45, 195, 0.3079786224658071, 0.36884431052535704]]
['00686.jpg', [2, 105, -23, 0.26397291859252886, 0.42633655158268], [2, 87, 10, 0.34933878055456424, 0.29347324370488775]]
['00628.jpg']
['00266.jpg', [2, -11, 51, 0.4356743587772597, 0.4193287724232626]]
['00553.jpg', [0, 125, 79, 0.3450223319121274, 0.5611457769945659], [0, 151, -130, 0.3082689151950522, 0.7256511213836977], [0, 105, -46, 0.40728578716579705, 0.7295447322055212], [2, 105, -46, 0.40728578716579705, 0.7295447322055212], [0, 107, 5, 0.2988128637919141, 0.8598008385556983], [0, 115, 24, 0.32160999091115955, 0.7164302373545078], [0, 106, 0, 0.32414446541872977, 0.7314590245830307]]
['00543.jpg', [2, 50, -13, 0.4520944901229381, 0.7247595847318724]]
['00281.jpg', [2, 49, 41, 0.5005387123658843, 0.41633265609132186]]
['00436.jpg', [2, 14, -202, 0.4480346685641663, 0.9593676405009519], [2, 44, -27, 0.5851265993153894, 0.5734423926374953]]
['00468.jpg']
['00632.jpg', [2, 100, 41, 0.6186933378418626, 0.41249862854145675], [2, 98, -83, 0.5958539635396688, 0.5991445202882282]]
['00454.jpg', [2, -8, -56, 0.5015520787412421, 0.6439087085999141]]
['00449.jpg', [2, 3, 45, 0.6048798931287335, 0.40200502065391225]]
['00559.jpg', [2, 0, 23, 0.4531832694427592, 0.5721959980221575]]
['00350.jpg', [2, 12, 110, 0.42673558617613655, 0.4377244880245588]]
['00075.jpg']
['00034.jpg', [2, 46, 90, 0.49399266124756386, 0.43973177652148576]]
['00072.jpg', [2, 93, 60, 0.4855124345000095, 0.6201970123624091]]
['00677.jpg', [2, 0, 66, 0.5653984108510277, 0.3487339817801549]]
['00241.jpg', [0, 142, 23, 0.2777463155214867, 0.3500844475740646], [0, 138, 18, 0.32487097209948473, 0.38578773419488566], [2, 0, 31, 0.47290621632368984, 0.5394026324768663], [2, 114, 13, 0.5874512436747286, 0.5307121500334564]]
['00417.jpg', [2, 65, 38, 0.5292220913933771, 0.707850216816998]]
['00460.jpg', [2, -51, -110, 0.48117105127959353, 0.9118946342047205]]
['00434.jpg', [1, -11, 11, 0.29654380870017144, 0.5180779573976482], [1, 7, 53, 0.3818013153753662, 0.4356605041248357], [2, 7, 53, 0.3818013153753662, 0.4356605041248357]]
['00552.jpg', [2, 87, 32, 0.45234969567443917, 0.5799936099458355], [0, 86, -117, 0.2669395477377201, 0.962796843797399]]
['00661.jpg', [2, 63, 68, 0.3383995663100074, 0.4508256645833557], [1, 58, 100, 0.45261332361139717, 0.36025875991102196], [2, 58, 100, 0.45261332361139717, 0.36025875991102196], [1, 46, 81, 0.5084881532995145, 0.4286146143635836], [2, 46, 81, 0.5084881532995145, 0.4286146143635836]]
['00422.jpg', [2, 9, -56, 0.3703295992119301, 0.9619549149473358], [2, 125, 46, 0.4383286767377563, 0.5272441887933089], [2, 47, 80, 0.46280782282067934, 0.4854000926230936]]
['00414.jpg']
['00218.jpg', [0, 142, 113, 0.39217326127676005, 0.5051900975944731], [2, 142, 113, 0.39217326127676005, 0.5051900975944731]]
['00574.jpg', [2, 104, 24, 0.32934958325965613, 0.5208914744559897], [2, 45, 120, 0.6880329838076776, 0.3999150354799819]]
['00521.jpg']
['00446.jpg']
['00536.jpg', [2, 63, 81, 0.45188510707321866, 0.39788826969662094], [2, 31, -76, 0.39454859405938075, 0.9003190803575912]]
['00435.jpg', [2, 43, 93, 0.6127126615782859, 0.4758421945316368], [2, -5, -53, 0.659779503707038, 0.7894506032135477]]
['00004.jpg', [2, 0, 42, 0.4858201595421472, 0.45308351812647285]]
['00138.jpg', [2, 22, 36, 0.6275425122034716, 0.550869741014144]]
['00062.jpg']
['00507.jpg', [2, 52, 5, 0.4869711771969197, 0.5626926898010266]]
['00192.jpg', [2, 39, 59, 0.5651594757061925, 0.4843470664952197]]
['00392.jpg', [2, 32, 81, 0.617733492133087, 0.3650597288234844], [0, 131, 34, 0.48502132975754886, 0.45533682885776167]]
['00180.jpg', [2, 131, -97, 0.3441495212858795, 0.6372860754506194], [2, 111, 23, 0.5385438037535404, 0.5171898963902519]]
['00709.jpg', [2, 40, 64, 0.5175304234020979, 0.4058090508698249], [2, -21, -28, 0.49432072614966494, 0.68014372958172]]
['00159.jpg', [2, 8, 14, 0.4906883387540724, 0.66132193695183], [0, 160, 54, 0.31020179103158085, 0.4609621342394635]]
['00575.jpg']
['00215.jpg', [2, 121, 50, 0.542910149746155, 0.5077772265597584]]
['00532.jpg', [0, 184, 9, 0.3294263608238791, 0.33812226247769966]]
['00662.jpg']
['00469.jpg', [2, 117, 31, 0.5278399741359805, 0.5309600691894656], [2, 8, -25, 0.48534013040165597, 0.7391606801058479]]
['00276.jpg', [2, -19, 13, 0.5117865791229123, 0.670341785724548]]
['00389.jpg', [2, -9, 19, 0.6251464619095242, 0.5800769815713873], [2, 48, 103, 0.46819048177350925, 0.5756411995002959]]
['00199.jpg', [2, 60, 68, 0.6494123019776271, 0.4532519956882819]]
['00537.jpg', [0, 103, -32, 0.4722970281683045, 0.479661634388773], [2, 103, -32, 0.4722970281683045, 0.479661634388773]]
['00038.jpg', [2, 30, -201, 0.49139070896715614, 1.0551149495509866], [0, 76, 2, 0.6132283911877041, 0.5790260163830652], [2, 76, 2, 0.6132283911877041, 0.5790260163830652]]
['00056.jpg', [2, 0, -23, 0.6704451777588912, 0.6199068084207536], [0, 222, -17, 0.3137757998786918, 0.7214369550059937], [2, 82, 54, 0.4370094387716354, 0.591671126273874]]
['00651.jpg', [2, -39, 68, 0.8387743270721775, 0.2897442279114402]]
['00017.jpg', [2, 116, 48, 0.5264470545550171, 0.5210220613884785]]
['00123.jpg', [2, 55, -17, 0.5102861892622026, 0.7515263753750308], [2, -32, -57, 0.6702404193495706, 0.7909301301177488], [2, -39, 53, 0.7420750972991784, 0.4109300582782229]]
['00613.jpg', [2, 81, 34, 0.5248482953282552, 0.5154439156844582]]
['00685.jpg']
['00052.jpg', [0, 150, 44, 0.31755941961858725, 0.25809657573545164], [0, 197, 54, 0.42127312118820115, 0.1994812014945453]]
['00523.jpg', [2, 14, -58, 0.397915200871323, 0.8725269382748075]]
['00049.jpg', [2, 50, 14, 0.6155168485659724, 0.5289815261286017]]
['00114.jpg', [2, -15, -285, 0.40739747264960063, 1.5210908801865288], [2, 90, 49, 0.46099987129052267, 0.7231793921481505]]
['00626.jpg', [2, 55, -19, 0.4664173607525078, 0.8246195930024194]]
['00055.jpg', [2, 69, 54, 0.4832503164002278, 0.42000595464470103]]
['00386.jpg', [2, 46, 60, 0.5830353387252872, 0.49657005788291314], [2, -9, -53, 0.5015166092979122, 1.067874750476865]]
['00145.jpg', [2, -23, 46, 0.6371514997797434, 0.45690129308290767]]
['00614.jpg', [2, 113, -155, 0.33750304474647946, 1.1541718951644775], [2, 122, 10, 0.4466903670458212, 0.6701625600363418], [2, 137, -64, 0.3769650930919313, 0.9315607104829781], [2, 85, -161, 0.4418758545996515, 0.8142923071930352]]
['00595.jpg', [2, -17, 76, 0.5877133536242106, 0.4134602876902667], [0, 109, 80, 0.4915224845103525, 0.37001705093664866]]
['00505.jpg', [2, 56, 72, 0.412847701001127, 0.5267090444886573], [1, -1, 12, 0.41860950734748287, 0.7582507662195808]]
['00163.jpg', [2, 29, 12, 0.5320865428151347, 0.6346597139784179]]
['00229.jpg', [2, 54, 160, 0.7297805006477023, 0.304021087747299], [2, 24, 31, 0.6266387614331849, 0.5568730532381755]]
['00154.jpg', [2, 17, -34, 0.7421319710577549, 0.5393213594858006], [2, 80, 35, 0.4656970451140188, 0.7367415073016014]]
['00671.jpg', [2, 105, -192, 0.3881309468545792, 1.2623307756988165], [2, 119, 14, 0.5361667529778683, 0.45689438945820854]]
['00591.jpg', [2, 63, 44, 0.46869812352863244, 0.5802829664812182], [2, -11, 2, 0.43301683379146144, 0.7921251870258247]]
['00204.jpg', [0, 211, 79, 0.36973829281574044, 0.437388406686864], [2, 21, 62, 0.500507759622936, 0.5381913835136354], [2, -4, -68, 0.49485730270823697, 0.7053489128072963]]
['00528.jpg', [1, 82, 96, 0.28943047926498594, 0.5289778629128191], [2, 60, -7, 0.3236890494702043, 0.8529765713092206], [1, 58, 113, 0.3977924089135434, 0.5948046891757403], [2, 58, 113, 0.3977924089135434, 0.5948046891757403]]
['00293.jpg', [2, 56, 13, 0.4464402474117465, 0.533564584790025]]
['00655.jpg']
['00311.jpg', [2, 35, 20, 0.6513964876653114, 0.5936777107287208]]
['00623.jpg', [2, 113, -82, 0.4077490732529077, 0.6957338240805586]]
['00085.jpg', [2, 76, 9, 0.4714680873496425, 0.524234849411801]]
['00332.jpg', [2, 74, 38, 0.7365432240490519, 0.3801550761679688], [2, 100, -140, 0.36317776209542324, 1.0612149951657281]]
['00152.jpg', [2, 48, 76, 0.5119469377700436, 0.49532141586389833], [2, -50, -75, 0.5986276087014557, 0.9129809142814281], [2, -8, -242, 0.4656749196652172, 1.4088213313994329]]
['00061.jpg']
['00099.jpg', [2, -8, 30, 0.5792846888413061, 0.5799631802260203], [2, 111, -63, 0.433580318639218, 0.8571635338303996]]
['00534.jpg', [2, 58, 82, 0.5479893502110093, 0.33862540652807166]]
['00220.jpg', [2, 67, 65, 0.5677170369783897, 0.47545072755860723]]
['00063.jpg', [2, -13, 7, 0.4074442968123177, 0.5549432076725926]]
['00110.jpg', [2, 113, 39, 0.5240637941068321, 0.5166882467504217]]
['00428.jpg', [2, 112, -22, 0.41984023600821707, 0.7404013381338354], [2, -11, 46, 0.6940308728019741, 0.56556680915409]]
['00458.jpg']
['00176.jpg', [0, 107, -64, 0.4192975759859672, 0.5977974879488531], [2, 107, -64, 0.4192975759859672, 0.5977974879488531]]
['00028.jpg', [2, 124, 22, 0.5617163029374085, 0.5564940447837059]]
['00213.jpg', [1, 82, 136, 0.48145390684057354, 0.4076708298538609], [1, 53, 74, 0.40966520072997487, 0.5972543059720414], [1, 74, 75, 0.604064969671264, 0.4205487299293442]]
['00001.jpg', [2, 21, 10, 0.6292614270227082, 0.5533765548037146]]
['00452.jpg', [2, 54, 14, 0.5786001851821709, 0.4447251809346376]]
['00512.jpg']
['00488.jpg', [2, 70, 86, 0.48293835499667426, 0.42650150380216717]]
['00202.jpg', [1, 49, 28, 0.412993864243786, 0.7492576047509961], [2, 49, 28, 0.412993864243786, 0.7492576047509961], [0, 70, 186, 0.35324457101755913, 0.45880227590698625], [1, 70, 186, 0.35324457101755913, 0.45880227590698625], [2, 70, 186, 0.35324457101755913, 0.45880227590698625]]
['00007.jpg', [2, 58, 62, 0.49815489220255893, 0.4046004237310582], [2, 61, 54, 0.5212715658199757, 0.45273121196038457], [2, 29, 56, 0.6502192862193934, 0.42867293032070436]]
['00617.jpg', [2, 89, -122, 0.31992073946206073, 1.0829978488360452], [2, 31, 41, 0.7478172625596881, 0.5184675990526336]]
['00459.jpg', [0, 193, 88, 0.3147975611856287, 0.3469118208755601], [2, 68, 88, 0.6614307681306193, 0.5371352022838747]]
['00164.jpg', [1, 88, 126, 0.24978360827363433, 0.4821136246979822], [1, 49, 65, 0.25593500090169213, 0.6645221796689824]]
['00539.jpg', [2, 73, 24, 0.46891468207786485, 0.5308503263561303]]
['00570.jpg', [2, 24, 26, 0.46939514182275377, 0.5349049546380121], [2, 43, -28, 0.367885295561795, 0.6852199369126165]]
['00703.jpg', [2, 21, 133, 0.2744066101882282, 0.5498742005105501]]
['00274.jpg']
['00700.jpg', [2, -23, 47, 0.645069010775266, 0.4863232089089495]]
['00394.jpg', [2, 17, 37, 0.46265331466974263, 0.4679619368320124]]
['00492.jpg', [2, 136, -68, 0.37108942544843937, 0.8365561933550658], [1, 57, 156, 0.3065640739667018, 0.4097626843043895]]
['00615.jpg', [2, 88, 15, 0.3841766149463196, 0.5444359496100093], [2, 40, 80, 0.5818187275441381, 0.3777086688189348]]
['00107.jpg', [2, 68, 64, 0.581456143823751, 0.3886999255128162]]
['00003.jpg', [2, 49, 86, 0.4977433042030811, 0.4090548478256039]]
['00125.jpg', [2, 65, 10, 0.41951790753527574, 0.6145588185579377]]
['00638.jpg']
['00277.jpg', [2, -9, 76, 0.5294092845002044, 0.4111438125846654]]
['00095.jpg', [2, 115, -25, 0.28627852806962634, 0.9585813453607045]]
['00184.jpg', [2, 46, -140, 0.35836531448656206, 0.9568145052737205], [2, -11, -164, 0.35020998791606983, 1.1636704730859575]]
['00343.jpg', [1, 136, 107, 0.3420277103358714, 0.3819237253299448], [1, 158, 105, 0.30977270405369195, 0.4164669288370331], [2, 158, 105, 0.30977270405369195, 0.4164669288370331], [1, 119, 118, 0.3536542515123027, 0.4244398345635585], [1, 116, 153, 0.4088860942891291, 0.36746450717554113], [1, 95, 123, 0.5081637311518824, 0.345265047083729]]
['00319.jpg']
['00708.jpg']
['00402.jpg', [0, 56, 71, 0.30202751801044275, 0.392302913991005], [0, 59, 74, 0.3629670371569699, 0.3701178130872165], [1, 149, 87, 0.34341082447488214, 0.47653148183657523], [2, 151, -3, 0.27203713125844203, 0.763431698311286], [0, 66, 86, 0.4845827547875997, 0.5576643864218391], [2, 66, 86, 0.4845827547875997, 0.5576643864218391]]
['00024.jpg', [2, 67, 72, 0.3457805401103953, 0.6780023403248835], [2, 15, 10, 0.45306693293356287, 0.7469458984897621]]
['00077.jpg', [2, -44, -8, 0.9462588131083327, 0.5372579801150237], [2, 69, 65, 0.5698638605264523, 0.5476006620739209]]
['00058.jpg', [2, -3, 34, 0.5645192631525028, 0.5824458043219771]]
['00415.jpg', [1, 140, 38, 0.285242316838789, 0.8627354342230457], [1, 141, 98, 0.3426805192024881, 0.6248816151689748], [1, 145, -20, 0.2619787793408435, 0.9629878472222432]]
['00330.jpg', [2, -2, -1, 0.5397001368732043, 0.49635793856554855]]
['00653.jpg', [2, -4, -46, 0.7459744509443829, 0.5607711853879354], [2, 77, 34, 0.4424245067372538, 0.7030036993019066]]
['00008.jpg', [2, 51, -121, 0.3465866747553611, 0.9594444858273905], [2, 7, 19, 0.5900929183556435, 0.5080683660116587], [2, 26, -18, 0.5504068567551904, 0.5574272738140064]]
['00393.jpg', [2, 48, -194, 0.3714207780115984, 1.5402904170639444], [2, -13, -109, 0.315246647199103, 1.2096707742196726], [2, -13, -26, 0.6898408336302619, 0.6398966125292995], [2, 96, 46, 0.3945408075364908, 0.7553259831941489]]
['00130.jpg', [1, 1, 85, 0.2835685255304339, 0.6292150621273627], [1, 41, 173, 0.46666594853765503, 0.4374610821998758], [1, -60, 52, 0.3312283113855497, 0.7756218542873987], [1, 17, 98, 0.4828638258488609, 0.44964744874011403], [1, 94, 94, 0.6512341845089451, 0.44346743032493313]]
['00234.jpg', [2, 51, -78, 0.30563881996203485, 1.149878349473228], [0, 65, 117, 0.5228483419791752, 0.4059811784505781], [2, 65, 117, 0.5228483419791752, 0.4059811784505781]]
['00438.jpg', [2, -6, 37, 0.6372096851388975, 0.4382774600084811]]
['00273.jpg', [2, 4, -57, 0.6470547545683204, 0.8931857067477267], [2, 80, 80, 0.4879267683990904, 0.68531257725513]]
['00580.jpg', [2, 0, 59, 0.47951381173046603, 0.4635998923529369]]
['00424.jpg', [2, -8, 47, 0.4302864120255782, 0.44249331286655136]]
['00338.jpg', [2, 79, 19, 0.3679012592536203, 0.536988614664793]]
['00299.jpg', [0, 81, 85, 0.5957441232206041, 0.5036943887557294]]
['00134.jpg', [2, 52, 31, 0.5520670440598107, 0.507244886822535]]
['00690.jpg', [2, 128, 6, 0.43815559722552394, 0.5966030871598416]]
['00667.jpg']
['00074.jpg', [2, 26, -60, 0.5006167499291627, 0.8122370716717588], [2, 7, -232, 0.42761188002777245, 1.270462824730036], [2, 5, -35, 0.5692405203809807, 0.767767377353406], [2, -32, -89, 0.5364671205757113, 0.8910233653901017], [2, 103, 22, 0.37258353142813877, 0.7896102070026022]]
['00212.jpg', [0, 129, 199, 0.2669886690102975, 0.45673129135577045], [1, 129, 199, 0.2669886690102975, 0.45673129135577045]]
['00518.jpg', [1, 18, 90, 0.5229410237430503, 0.6024073825403177], [2, 18, 90, 0.5229410237430503, 0.6024073825403177], [1, 0, 109, 0.5782055581566464, 0.5297672083375011], [2, 0, 109, 0.5782055581566464, 0.5297672083375011], [2, 9, -88, 0.4070543436876662, 1.212694517517894], [1, 7, 95, 0.7579188789121137, 0.46379145368962055], [2, 95, 37, 0.48057632239392584, 0.7227928665212164]]
['00280.jpg', [2, 16, 30, 0.6614821413081937, 0.3357815934470295]]
['00463.jpg', [2, 12, -245, 0.4519226101175457, 1.319990522655288], [2, 79, 36, 0.4819969693364294, 0.6507779778186921]]
['00022.jpg', [1, 110, 163, 0.29650289107226196, 0.41623023088620725], [0, 74, 128, 0.3841435073338328, 0.47448055149033513], [1, 74, 128, 0.3841435073338328, 0.47448055149033513], [2, 74, 128, 0.3841435073338328, 0.47448055149033513]]
['00643.jpg', [2, 112, 77, 0.4044029285187356, 0.37936093489688955]]
['00545.jpg', [1, 90, 69, 0.32797309525180474, 0.4453268984317624], [2, 66, 29, 0.4678963595958751, 0.6441080081362592]]
['00356.jpg', [2, 121, 72, 0.4693574152767122, 0.5113751492003118]]
['00018.jpg', [2, 53, 13, 0.5288236276435422, 0.5426232967858368], [2, 0, -138, 0.5791268894619869, 0.8463083855181579]]
['00140.jpg', [1, 44, 94, 0.5742494159813969, 0.47776076903257236], [1, 35, 154, 0.42847567446866947, 0.5576157593179089], [2, 35, 154, 0.42847567446866947, 0.5576157593179089]]
['00102.jpg', [2, 69, 18, 0.3486092607228832, 0.6365645182393304], [2, 14, 65, 0.6697409977880083, 0.380915136849003], [2, 11, -115, 0.4201690530410403, 0.9744927769766687]]
['00073.jpg', [2, 80, 50, 0.664031173083801, 0.5730388203205217], [2, 101, -181, 0.35518855814751865, 1.5604371179239185], [2, 74, -232, 0.42562213867172827, 1.4185916422002651]]
['00348.jpg', [0, 126, -105, 0.20956029408615712, 0.9840380157443479]]
['00645.jpg', [2, -3, 40, 0.42778060263953316, 0.7282960674396723], [1, 40, 65, 0.256037671811708, 0.7860464408476145]]
['00106.jpg', [2, 31, 18, 0.6140283727014452, 0.6213353443212404]]
['00637.jpg', [2, 110, 0, 0.5514592803994361, 0.5044746859985344], [2, 5, 39, 0.5064490167645912, 0.4607581031763359], [2, -98, -40, 0.5491059944631332, 0.6823580544422502]]
['00006.jpg', [0, 203, 64, 0.42830424574863435, 0.3903259621845914]]
['00308.jpg', [2, 77, 40, 0.4576772677341811, 0.5389237806321274], [2, 35, -131, 0.4792347920049974, 0.9426005007409751]]
['00365.jpg', [0, 164, 147, 0.3487865435593256, 0.3865300508347511], [0, 97, -32, 0.2402029111907792, 0.7526446020730493], [0, 91, -189, 0.2068890666838109, 1.1688805073416828]]
['00371.jpg', [2, 70, 75, 0.5937869280335546, 0.4861128866832986]]
['00612.jpg', [2, 59, 55, 0.5325816607688417, 0.45102603474308844]]
['00587.jpg', [2, 125, 72, 0.5280571046104482, 0.3961012868004449]]
['00494.jpg', [2, 46, 1, 0.49741350743166624, 0.488729391544828], [2, -46, -78, 0.618608459574845, 0.7506855813771138], [2, 113, 52, 0.46197762244672136, 0.6055847450006955]]
['00490.jpg', [2, -5, -25, 0.7266960793065413, 0.5520666053353582], [2, 96, 93, 0.5165108160863974, 0.47076201188015043]]
['00250.jpg', [2, 102, -101, 0.36243572323581486, 1.1200887655075449], [2, 56, 15, 0.6008133120320667, 0.5266121302427779]]
['00560.jpg', [2, 53, 66, 0.8069295314691636, 0.4132058508985392]]
['00333.jpg', [1, 69, 48, 0.6399497925637364, 0.5285027197586127], [2, 69, 48, 0.6399497925637364, 0.5285027197586127], [1, 48, 80, 0.7008695298788031, 0.4490316604339873]]
['00314.jpg', [2, 4, -300, 0.42995247127382613, 1.3986158702629412]]
['00033.jpg']
['00696.jpg']
['00336.jpg', [2, 61, 71, 0.5458668767837561, 0.433803132238725], [2, 19, -103, 0.4996426088709769, 0.8820778993437316]]
['00633.jpg']
['00683.jpg', [2, -8, 15, 0.5607879090433393, 0.5263873825113463], [2, 137, 58, 0.395826391610506, 0.4534456496123531], [2, -47, -137, 0.43960695197283595, 0.9788099884991097]]
['00538.jpg', [0, 116, -70, 0.31513843442904294, 0.5013895733819423], [2, 116, -70, 0.31513843442904294, 0.5013895733819423]]
['00408.jpg', [2, 62, -40, 0.3580553406976173, 0.770841935125988]]
['00416.jpg']
['00619.jpg', [2, 91, 52, 0.5035690152853857, 0.5777146261989896]]
['00294.jpg', [2, 105, -73, 0.3524926933889506, 0.98151034679045]]
['00456.jpg', [1, 124, 126, 0.43982591715700936, 0.3330827034427025], [2, 124, 126, 0.43982591715700936, 0.3330827034427025], [1, 138, 71, 0.3343017562966418, 0.5393698234789085], [2, 138, 71, 0.3343017562966418, 0.5393698234789085], [1, 116, 71, 0.5086171852828699, 0.40315090695125383], [2, 116, 71, 0.5086171852828699, 0.40315090695125383], [1, 95, 71, 0.5667823778021056, 0.4089503304500323], [2, 95, 71, 0.5667823778021056, 0.4089503304500323], [1, 49, 61, 0.5869363127903513, 0.4204604043043376]]
['00124.jpg', [0, 143, 20, 0.28487609504049755, 0.5265746081879542], [0, 165, -4, 0.2575450748146111, 0.606129767821]]
['00609.jpg']
['00175.jpg']
['00092.jpg', [2, 127, 77, 0.5089304079932768, 0.33186906267846544]]
['00367.jpg', [2, 79, 40, 0.45013818031293634, 0.7485021313352043]]
['00029.jpg']
['00602.jpg', [2, 68, -7, 0.41083087958875486, 0.6039166487916149]]
['00185.jpg', [2, 24, 28, 0.5946133557995791, 0.5118066888703557], [2, -15, -145, 0.5243091746809884, 1.0115492511260196]]
['00226.jpg', [1, 23, -42, 0.6285140023539788, 0.572396385425653], [2, 23, -42, 0.6285140023539788, 0.572396385425653], [2, 92, 54, 0.3874157917642746, 0.6963324150746288]]
['00101.jpg', [2, 7, -179, 0.44079865110555017, 1.2350542456359859]]
['00427.jpg', [2, 50, 79, 0.546673458885286, 0.48755404973482047]]
['00217.jpg']
['00201.jpg', [2, 88, 35, 0.6220566692747972, 0.5473291474629303], [2, 62, 40, 0.7278815868030102, 0.48902710063073535]]
['00053.jpg', [2, 120, 25, 0.6537692897929525, 0.5817768551231387]]
['00636.jpg', [2, 145, 9, 0.43301582720986354, 0.6660620494561023]]
['00647.jpg']
['00515.jpg', [2, 80, -19, 0.3002545719776219, 0.8004682487821972], [2, 1, -65, 0.307545116257493, 1.1359861152274553], [0, 138, 27, 0.24742245684370934, 0.6864633309321747]]
['00048.jpg']
['00328.jpg', [2, 84, -31, 0.45333885682954844, 0.5916621880127403], [2, 112, -169, 0.30880818715441843, 1.0322616753936225], [2, 36, -128, 0.4696704349744243, 0.8622916205087776]]
['00558.jpg']
['00473.jpg', [2, 5, -33, 0.6365403868500568, 0.5833409781888194], [2, 91, 38, 0.42932936674893507, 0.6651698935832611]]
['00675.jpg', [2, 31, 38, 0.626924868710828, 0.44008040355633055], [2, 5, -103, 0.5073523951688619, 0.7986686574524132]]
['00384.jpg', [1, 82, 128, 0.39600231046800394, 0.27173970544513176], [2, 82, 128, 0.39600231046800394, 0.27173970544513176], [1, 44, 143, 0.4728970334642823, 0.25465519617227655]]
['00557.jpg', [1, 49, 44, 0.2920396092549947, 0.6475597914285303], [2, 0, 9, 0.33343266249691056, 0.9041845879067124], [1, 86, 57, 0.42162124959559905, 0.6674362537793468]]
['00391.jpg', [2, 12, 170, 0.38346509041024945, 0.2622987067286622], [2, 143, 142, 0.34035887817453886, 0.37350399903385556], [2, 26, 156, 0.2724435635720768, 0.3561549765139793]]
['00564.jpg', [1, 152, 169, 0.3205094779325762, 0.3733283775656482], [2, 152, 169, 0.3205094779325762, 0.3733283775656482], [0, 102, 111, 0.3115280323474483, 0.5064927491559075], [1, 102, 111, 0.3115280323474483, 0.5064927491559075]]
['00592.jpg', [2, 82, 55, 0.3824858255771384, 0.46320237296162514]]
['00291.jpg', [2, -22, -72, 0.4789010638338641, 0.7815734371150374], [2, 26, 56, 0.6173139706614493, 0.46803988807073865]]
['00630.jpg', [2, 60, 65, 0.41018000294753043, 0.599796000864769]]
['00701.jpg']
['00187.jpg']
['00013.jpg', [2, 60, 61, 0.4451952589822958, 0.4085117922139541]]
['00036.jpg']
['00599.jpg', [2, 37, 61, 0.756802290320329, 0.44774130782439325], [2, 0, -275, 0.4206596668689873, 1.3791988871422305], [2, -10, -296, 0.4237592551040618, 1.7889680433531505]]
['00481.jpg', [2, 0, 86, 0.4432040280863244, 0.3915584202960004]]
['00261.jpg', [2, 16, -37, 0.5777172039076589, 0.6987366601908857], [2, 97, 70, 0.5477547423895992, 0.5614924585986226]]
['00275.jpg', [2, 58, 71, 0.5917331300148859, 0.3902380008458878]]
['00032.jpg', [2, 113, 25, 0.4938246220151169, 0.5655423871494901]]
['00344.jpg', [2, -24, -293, 0.49142464164058747, 1.2622720666247877]]
['00444.jpg', [2, 57, 2, 0.5005588808483347, 0.4592993136586893], [2, 13, -178, 0.3982337951370267, 1.2723357592991327], [2, 97, 65, 0.41917093957310936, 0.6763155690062308]]
['00404.jpg', [2, 43, 36, 0.5995338987968751, 0.2700392526568298], [2, 6, -50, 0.7173585629685347, 0.42215810896400907]]
['00286.jpg', [2, -3, 44, 0.5185579140243157, 0.43582173950818964]]
['00702.jpg', [1, 63, 110, 0.38248858092281335, 0.44352379218883153], [1, 40, 71, 0.34283384289381924, 0.6036470818698882]]
['00550.jpg', [2, 23, 17, 0.6382997284903688, 0.3010647329795173], [2, 21, -125, 0.5537980845352768, 0.9562091146706755], [2, 91, 54, 0.4177172059987212, 0.7021987775779192]]
['00122.jpg', [2, -23, 69, 0.8302592043426028, 0.43666164581730904]]
['00149.jpg']
['00066.jpg', [2, 116, 94, 0.3780840826167958, 0.5529143979448696], [2, 3, -123, 0.5413446419864205, 0.9387287598033262]]
['00206.jpg', [0, 55, 38, 0.26616490406942733, 0.5889200409925259]]
['00162.jpg', [2, 50, 38, 0.493064509083964, 0.500244250171201], [2, -23, -50, 0.46751517522009634, 0.7742842772697127]]
['00664.jpg', [2, 6, -162, 0.5956219848766819, 0.9029743123532478], [2, 93, 50, 0.46609621925170835, 0.740181385572273]]
['00354.jpg', [2, 7, 0, 0.49425843769408057, 0.40633243165561617]]
['00282.jpg', [2, -11, 112, 0.6457023476155115, 0.4008405201866724]]
['00437.jpg', [2, 55, -121, 0.3261508600222489, 1.1915186649882465], [2, 20, 57, 0.6129869810918747, 0.4342988732392126]]
['00331.jpg', [2, -26, 23, 0.5506565338133506, 0.6829652392614897]]
['00256.jpg', [2, 77, -5, 0.4839683560530723, 0.5988822942153302]]
['00376.jpg', [2, 106, -52, 0.3331572214399804, 0.881002171278011]]
['00147.jpg', [0, 144, 33, 0.3431368146065467, 0.512905941258928], [2, 12, 98, 0.3726096493189943, 0.585334133095698], [2, 90, 0, 0.600637146444959, 0.6011745340882653], [2, 100, -74, 0.42082639953903517, 0.9282771036593975]]
['00707.jpg', [2, 47, 42, 0.42423561550609107, 0.62823781636249]]
['00600.jpg', [2, 51, 129, 0.5381385369523944, 0.3369660025901275]]
['00262.jpg', [1, 70, -17, 0.19144532242787063, 0.8755048138139044]]
['00071.jpg', [2, 69, 157, 0.4334749162206769, 0.31237652791976345]]
['00191.jpg', [2, 74, -16, 0.4305307440522482, 0.529370195866137], [2, 11, -271, 0.3766968501404411, 1.2334246029256224], [2, -3, -253, 0.41813093927110284, 1.3129874290213168]]
['00349.jpg', [2, -6, 75, 0.8110772448327389, 0.328809221909695]]
['00026.jpg', [2, 17, 65, 0.6998055868032403, 0.5849613429310357]]
['00431.jpg', [2, 64, 48, 0.449809686178184, 0.4622447792328244], [2, 146, -11, 0.37409730059432533, 0.6948502465046679], [0, 51, 84, 0.27737163388316927, 0.622612984993583], [0, 63, 71, 0.23451655208150596, 0.7003362985169702]]
['00695.jpg', [0, 104, -84, 0.3869012278126627, 0.810814377609896], [2, 104, -84, 0.3869012278126627, 0.810814377609896]]
['00502.jpg']
['00165.jpg', [2, 29, 88, 0.5578797638159424, 0.5202220696491943]]
['00292.jpg', [2, 54, 93, 0.5454514825546919, 0.36786333495271845], [2, 11, -245, 0.37951150445303405, 1.358750182833534]]
['00109.jpg', [2, 24, 36, 0.7098903201885133, 0.5560388942740644]]
['00137.jpg', [2, 61, 115, 0.5278053673849182, 0.3921804701565861]]
['00098.jpg']
['00604.jpg']
['00482.jpg', [2, 39, 5, 0.44869146165983953, 0.565320490945322]]
['00242.jpg', [0, 119, -224, 0.21470974828822822, 1.1308299304542069]]
['00105.jpg', [2, -16, 103, 0.7945554886191485, 0.3099209607209715], [2, -26, -66, 0.6006115282184683, 0.8160435868727638]]
['00016.jpg', [0, 70, 85, 0.6081368479072942, 0.27769723675219044], [2, 70, 85, 0.6081368479072942, 0.27769723675219044], [2, 17, -80, 0.514460700772561, 0.753984179247753]]
['00357.jpg']
['00041.jpg', [2, -15, 44, 0.552727396607674, 0.4275071406719533]]
['00216.jpg', [2, 13, -48, 0.3929716848162402, 0.8774152688630324]]
['00166.jpg']
['00710.jpg', [2, -8, -76, 0.330891983592265, 1.021888908050277], [2, 0, 98, 0.5284387152656376, 0.4231479382358408]]
['00382.jpg', [2, 62, -6, 0.7221427334928827, 0.4445289717600668], [2, 117, 136, 0.38762197030634615, 0.4326646657563183], [2, 74, 153, 0.5863045768263976, 0.34787457870011695], [2, 68, 149, 0.6038845769957959, 0.23515501769318997], [0, 125, 35, 0.2929068023780332, 0.6701677153084863], [0, 116, -2, 0.3620975411912835, 0.7344861036471105], [0, 115, -130, 0.22044579826080118, 1.105806024161443]]
['00255.jpg', [2, 18, -15, 0.5494194805891032, 0.7227421415325287], [2, 98, 76, 0.44267666043350823, 0.6244041942236734]]
['00011.jpg', [1, 94, 75, 0.3380619479613795, 0.6101215184388987], [2, 94, 75, 0.3380619479613795, 0.6101215184388987], [1, 85, 36, 0.44802418416033946, 0.736894209413901]]
['00503.jpg', [2, -14, 47, 0.6502874019313116, 0.5019368896278947]]
['00271.jpg', [2, 97, 58, 0.5756268513721767, 0.5038868784038294], [2, 68, -181, 0.3529961881256949, 1.1573598493338808]]
['00588.jpg']
['00641.jpg', [2, 111, 32, 0.4342037215533374, 0.37059969834786677]]
['00358.jpg', [2, -9, 0, 0.5533414391328305, 0.7201738450816488], [2, 85, 22, 0.6216182328912274, 0.60095435626863]]
['00111.jpg']
['00450.jpg', [2, -8, 26, 0.5377610759444602, 0.49797711826902985]]
['00172.jpg', [2, 89, 11, 0.36523590392323324, 0.30904052643197005], [0, 88, 45, 0.6058959707517569, 0.21628089355208796], [2, 88, 45, 0.6058959707517569, 0.21628089355208796], [2, 45, 3, 0.6169282434558735, 0.4088229115652688]]
['00318.jpg', [2, 51, 64, 0.5190750848360877, 0.42458720352139756], [2, -45, -63, 0.5253569494940209, 0.8216781274808657]]
['00627.jpg', [2, 51, 39, 0.40230771682877, 0.4874150441896296]]
['00312.jpg', [2, 45, 58, 0.5422378027058422, 0.4643784613504298], [2, 46, -109, 0.2913280627007177, 1.214867480402772], [2, -36, -47, 0.5616949486629325, 0.6914400873193187]]
['00118.jpg']
['00045.jpg', [2, 66, 42, 0.41820927943763564, 0.5060654351762214], [2, 31, -116, 0.3621597050340734, 1.053937053575003]]
['00621.jpg', [0, 138, 55, 0.32158974509785276, 0.4161286245811129], [2, 138, 55, 0.32158974509785276, 0.4161286245811129]]
['00306.jpg', [0, 166, 100, 0.2875074270947405, 0.28167396298188563], [0, 184, 39, 0.35833860543285806, 0.39384655047683176]]
['00668.jpg', [2, 122, 34, 0.5037900815767766, 0.5348164148958369], [2, 48, 100, 0.5699000212482167, 0.3780415934719162]]
['00608.jpg', [0, 242, 57, 0.25163297586188527, 0.3931546715130411], [0, 300, 81, 0.3663419867326284, 0.33979083035697577]]
['00401.jpg', [0, 90, 22, 0.3002413343258038, 0.7915887171301904], [0, 127, 126, 0.32782820703656934, 0.5012353135250879]]
['00190.jpg']
['00278.jpg', [2, 11, -51, 0.4583237157697281, 0.829898810809909]]
['00378.jpg', [0, 78, -31, 0.3764968256343775, 0.8496872628925768], [2, 78, -31, 0.3764968256343775, 0.8496872628925768], [0, 92, 102, 0.5526678123693183, 0.5894035540031145]]
['00554.jpg', [2, 33, -45, 0.4730115312457938, 0.7505669727683056]]
['00562.jpg', [2, -6, -166, 0.3969088974896159, 1.0908143229611393]]
['00326.jpg', [2, 53, 53, 0.473223713058695, 0.431269571792605]]
['00380.jpg']
['00086.jpg', [2, 45, -59, 0.40488646709812137, 0.8257271710773734]]
['00325.jpg', [1, 1, 90, 0.6193160810305575, 0.45634472418390865], [2, 1, 90, 0.6193160810305575, 0.45634472418390865], [1, -23, 61, 0.581891565672042, 0.561116091427055], [2, -23, 61, 0.581891565672042, 0.561116091427055], [2, 50, 75, 0.5199365897748337, 0.6125357428379198], [2, 46, 58, 0.5531780702327855, 0.6596615169391468]]
['00520.jpg', [2, 52, -11, 0.7381209364133052, 0.5658787928402778], [2, 37, 36, 0.861099597071578, 0.3874709680525181], [2, 76, 47, 0.6067746063778691, 0.6180779992581344]]
['00495.jpg']
['00103.jpg', [2, 32, 67, 0.6783598706722943, 0.4183653147209705]]
['00324.jpg', [2, 21, -1, 0.5321807283359455, 0.6203049543541929]]
['00429.jpg', [2, -12, 16, 0.7091137283130966, 0.4995804644145048]]
['00388.jpg', [2, 46, 62, 0.2515830058416648, 0.671834263741059]]
['00133.jpg', [2, 13, -62, 0.4779787025321504, 0.8177119850119876], [2, 13, 44, 0.6544588373712972, 0.39162238698856994], [2, -38, -81, 0.5671678699474587, 0.668597393970505]]
['00513.jpg', [2, 62, -8, 0.3293886507987592, 0.4722393842977992]]
['00000.jpg', [2, 45, 37, 0.5454222295175638, 0.6653407843699412], [2, 69, 47, 0.4566909010506046, 0.7116193046334477]]
['00115.jpg', [0, 123, 77, 0.2731487087636852, 0.6899867984990895], [0, 145, 128, 0.31913298103227977, 0.44224678596205036], [0, 137, 124, 0.4903928013981034, 0.3802019395665355], [0, 132, 110, 0.4222529110108218, 0.3723503168878202], [2, 132, 110, 0.4222529110108218, 0.3723503168878202]]
['00611.jpg', [2, -21, 29, 0.5093374575354834, 0.5830998130258133], [2, 131, 121, 0.5309681958064124, 0.27873525523983955], [2, 72, -131, 0.3186341768333099, 0.8923846742897005]]
['00606.jpg', [2, 51, -161, 0.3629697066715171, 1.2834513463057962], [2, 0, -60, 0.7157725895459457, 0.5270233151262971], [2, 91, 46, 0.4869185835089078, 0.606320116885758]]
['00093.jpg']
['00231.jpg', [2, 34, -2, 0.6639585885375809, 0.5240065472904605], [2, 20, -100, 0.6117025413633981, 0.5840444480154187]]
['00666.jpg', [2, -49, 56, 0.9950220002393545, 0.22555783955776879]]
['00658.jpg', [0, 156, -53, 0.4079410373513452, 0.6180384149078818], [0, 136, -286, 0.25817737207548785, 1.6088799651264596], [0, 98, 48, 0.544833430735573, 0.5828393008315904]]
['00500.jpg', [0, 63, 37, 0.5217461216954941, 0.5492455242596297], [2, 63, 37, 0.5217461216954941, 0.5492455242596297]]
['00368.jpg', [2, 44, 86, 0.5291495133178444, 0.34352657464071007]]
['00334.jpg']
['00196.jpg', [2, 85, 83, 0.4146273113586162, 0.38697540565311167]]
['00447.jpg', [2, 16, -48, 0.44760426576072376, 0.7897474610813068], [2, -16, -94, 0.3161166274715172, 1.1736428605997706]]
['00195.jpg', [2, 52, 28, 0.4263723195584681, 0.5875827572203227]]
['00128.jpg', [0, 172, 64, 0.4142369238596962, 0.5251483950927219], [1, 172, 64, 0.4142369238596962, 0.5251483950927219]]
['00573.jpg', [2, 4, 51, 0.5666352346791173, 0.5416414803752659]]
['00150.jpg', [2, 54, 44, 0.4793585263648947, 0.5834567912884526]]
['00064.jpg']
['00697.jpg', [2, 66, 35, 0.49888028468994405, 0.7010381042723413]]
['00620.jpg', [0, 105, 122, 0.27287443495613606, 0.44316668041359003], [1, 105, 122, 0.27287443495613606, 0.44316668041359003]]
['00379.jpg', [2, 57, 78, 0.4173400248309494, 0.4934286906564659]]
['00179.jpg', [2, 46, 8, 0.6861637565779733, 0.49645281821225296]]
['00372.jpg', [2, 59, 80, 0.5778725579067664, 0.4778351281782343]]
['00484.jpg', [2, 44, -167, 0.3307680693586956, 1.2341868728518466], [2, 59, -90, 0.3172869938729191, 1.0660707706530512], [2, 16, 23, 0.7031494825411967, 0.4733877236979775]]
['00116.jpg']
['00622.jpg', [2, 157, 31, 0.295019330281146, 0.6197383258006806], [0, 171, 59, 0.34493565542048554, 0.5075760885241722], [1, 171, 59, 0.34493565542048554, 0.5075760885241722], [0, 84, 48, 0.51077265573452, 0.6493786008198521]]
['00289.jpg', [2, 54, 44, 0.3747533103621693, 0.8143686338798142]]
['00189.jpg']
['00639.jpg']
['00120.jpg', [2, 74, 7, 0.435054627049178, 0.6223187203106172], [2, 10, -131, 0.4707179151647579, 0.949971834588616]]
['00301.jpg', [2, 61, -41, 0.3875966787557099, 0.8719947604821822]]
['00566.jpg', [1, 0, 60, 0.7164759967888967, 0.3127614635660204], [2, 0, 60, 0.7164759967888967, 0.3127614635660204], [1, -37, -91, 0.4341191439277747, 0.6789409829446325]]
['00298.jpg', [2, 37, 43, 0.6326549916383396, 0.5369572487055717]]
['00419.jpg', [2, 92, -8, 0.17526374902837713, 0.7233561032727415]]
['00297.jpg', [2, -53, 39, 0.3645045668717771, 0.6383245727693188]]
['00088.jpg', [2, -8, 19, 0.5668806228013216, 0.37588890090040755], [0, 191, 106, 0.31565878407320463, 0.44854105581148457], [1, 191, 106, 0.31565878407320463, 0.44854105581148457], [2, 191, 106, 0.31565878407320463, 0.44854105581148457]]
['00203.jpg']
['00335.jpg', [2, 59, 10, 0.4355946955765443, 0.5987134037747076]]
['00546.jpg', [2, 64, -88, 0.4589498307542452, 0.7925969987426215], [2, 127, 39, 0.3674571870701072, 0.8121287522585419]]
['00252.jpg', [2, 1, -40, 0.35545668273751907, 0.7119294822626326]]
['00232.jpg', [2, 34, 122, 0.6857424591923272, 0.3331912884620272], [2, -23, 6, 0.5386964288021148, 0.7645883806171633]]
['00425.jpg', [2, 59, -18, 0.4246409985514551, 0.7199320851666283]]
['00081.jpg', [2, 36, 62, 0.6106090469794797, 0.39748776605036107]]
['00398.jpg', [1, 11, 136, 0.30289200328267746, 0.7034772811254537]]
['00674.jpg', [2, -6, -281, 0.381822015236276, 1.3267926702631836], [2, 0, -7, 0.6433170267321842, 0.5503972926062428]]
['00650.jpg', [2, 119, 97, 0.4896416427893507, 0.4173887453582697], [2, 85, -156, 0.31747214358092757, 1.151262328263907]]
['00065.jpg', [2, -7, -4, 0.766926935963061, 0.6884428510073402], [2, 84, 89, 0.46722745041149943, 0.6675380246630751]]
['00051.jpg', [2, 60, 82, 0.42270866496393816, 0.40154828912367196]]
['00300.jpg', [0, 68, -22, 0.2856363978775182, 0.7664046333676361]]
['00411.jpg']
['00222.jpg', [2, 35, 148, 0.5478626003703293, 0.37514664251565427]]
['00585.jpg', [2, 52, -31, 0.5612819238220524, 0.6672320469627266], [0, 35, -5, 0.6451047188059931, 0.508980309913908], [2, 35, -5, 0.6451047188059931, 0.508980309913908], [2, 46, -74, 0.533516150530297, 0.733044472400979], [2, 74, 70, 0.5570261823002656, 0.5893261035718739]]
['00610.jpg']
['00224.jpg', [2, 54, -106, 0.5207461389430498, 0.8203367120435463]]
['00236.jpg', [2, 114, 127, 0.5071293686938712, 0.4247341129034836]]
['00285.jpg', [0, 94, 35, 0.2900312436347618, 0.6436047062509298]]
['00257.jpg', [2, -19, 0, 0.580033602719279, 0.41904413807661484]]
['00508.jpg', [2, 45, 54, 0.6657570925226705, 0.49708912065522304]]
['00642.jpg', [2, 126, -88, 0.42388781710561263, 0.7988207464833784], [2, 5, 55, 0.5478319478595358, 0.49856076576626246], [2, -62, -167, 0.43943480174689015, 1.1923837686373828]]
['00514.jpg', [0, 85, 92, 0.5305626028423353, 0.37630377560771977], [2, 85, 92, 0.5305626028423353, 0.37630377560771977], [0, 71, 27, 0.4885059593851485, 0.5076971104725405]]
['00209.jpg', [2, 113, -30, 0.4113119962313127, 0.7699264126786675]]
['00043.jpg', [2, -13, 0, 0.4750882611925537, 0.6430477316100534]]
['00040.jpg', [0, 175, 59, 0.31186748753532434, 0.370868105871022]]
['00396.jpg', [2, 25, 101, 0.7259528492952506, 0.30142255054515094], [2, -18, -52, 0.5431918044351657, 0.7749380042343617]]
['00316.jpg', [2, 116, 104, 0.5135834028979059, 0.3142456710613235]]
['00219.jpg', [2, 0, 59, 0.6024036018570726, 0.4310544176129874]]
['00153.jpg', [2, -10, -122, 0.3025606577032235, 1.1258609177663235]]
['00079.jpg', [2, 49, -188, 0.31148314945387673, 1.0475419400151], [2, -35, -13, 0.7366768087705892, 0.5887674383094061]]
['00395.jpg', [2, 39, 60, 0.5341744292112577, 0.42808912418272366]]
['00010.jpg', [2, 155, 44, 0.38627340688936396, 0.515531460693606]]
['00230.jpg', [0, 106, 86, 0.31027994169532297, 0.31354966830805253], [2, 106, 86, 0.31027994169532297, 0.31354966830805253], [2, 87, 69, 0.36202892930715747, 0.3988684142825559], [0, 105, 90, 0.38385037256515836, 0.3677562300000073]]
['00160.jpg', [2, 9, -6, 0.4851101864833245, 0.7715446740324065]]
['00345.jpg', [1, 72, 109, 0.48919670167218615, 0.282523495228358], [2, 72, 109, 0.48919670167218615, 0.282523495228358]]
['00210.jpg', [0, 83, 37, 0.4719437932381377, 0.421393078929538], [2, 83, 37, 0.4719437932381377, 0.421393078929538]]
['00258.jpg', [2, 117, -15, 0.5326794423134161, 0.5910470044135149]]
['00540.jpg']
['00582.jpg', [2, -49, -3, 0.90139592673433, 0.4814287371640493], [2, 69, 56, 0.6159414581514268, 0.5076342621328528]]
['00259.jpg', [2, 103, 45, 0.4355328022389369, 0.7350992296719246]]
['00283.jpg', [2, 44, 26, 0.5371982625452348, 0.5534010464718474]]
['00342.jpg', [2, -8, -74, 0.692088167779934, 0.8787374140708946], [2, 73, 75, 0.47789631588377984, 0.730310528173926]]
['00433.jpg']
['00059.jpg', [2, 55, -194, 0.3876857724742024, 1.4432794721104367], [2, 23, 19, 0.7460912213444132, 0.5087359381446741]]
['00477.jpg', [2, -61, -53, 0.6221346545498143, 0.5117608641743023]]
['00426.jpg']
['00486.jpg', [2, 57, -16, 0.43626194794530304, 0.804953830272482], [2, 97, 92, 0.5168264427444914, 0.5892156759733961]]
['00238.jpg', [2, 131, 28, 0.3300985750360195, 0.8350605808054488]]
['00091.jpg', [2, 44, 157, 0.5036756184207057, 0.25315619651027216], [2, 36, 19, 0.42318827529873704, 0.599437392863462]]
['00648.jpg', [2, 66, 80, 0.4750293645121112, 0.36740387014193976]]
['00139.jpg', [2, 65, 48, 0.515808564542418, 0.4724404859265166], [1, 13, -52, 0.6174187526890902, 0.6206316973330128], [2, 13, -52, 0.6174187526890902, 0.6206316973330128]]
['00069.jpg', [2, 46, 41, 0.5533386686752929, 0.4654148148828199], [2, -4, -190, 0.4146446316887898, 1.4730129339848093]]
['00337.jpg', [2, 40, 10, 0.4775220738439717, 0.6124300293982471]]
['00704.jpg']
['00673.jpg', [0, 112, 45, 0.3630805550120591, 0.47278543416722735], [2, 92, 50, 0.4166414123569432, 0.5749520664434631], [0, 89, 8, 0.40803566137152114, 0.5337247866773487]]
['00684.jpg', [2, 120, 13, 0.442399059807195, 0.32950279774519137]]
['00287.jpg', [2, 67, 28, 0.5101456138033188, 0.4825701353520241]]
['00635.jpg']
['00182.jpg', [2, 99, 32, 0.6120304001428474, 0.5390988116691973]]
['00672.jpg', [0, 153, 36, 0.3349482339921606, 0.5473366141464574]]
['00597.jpg', [2, 97, 22, 0.5591248814900588, 0.5229120191804933], [2, 77, -18, 0.5504145658842275, 0.6077308796181434]]
['00487.jpg', [2, 17, -153, 0.3774627658167068, 1.1713836654679062], [2, 26, 77, 0.6012747942211887, 0.516755340848373]]
['00254.jpg', [2, -15, 35, 0.40075815926993513, 0.5662733083972092], [2, 0, -45, 0.3200042333955976, 0.8188555278236515], [2, 113, 52, 0.39916051664408997, 0.6223859366126591], [2, 0, -53, 0.5224787563007853, 0.8637944147027554]]
['00090.jpg']
['00590.jpg', [1, 25, 144, 0.5636130159827175, 0.3894916119991243], [2, 25, 144, 0.5636130159827175, 0.3894916119991243], [1, -9, 138, 0.6229144384130338, 0.4486219907791512], [2, -9, 138, 0.6229144384130338, 0.4486219907791512], [1, 22, 62, 0.4619079585318109, 0.7844716899963295], [2, 22, 62, 0.4619079585318109, 0.7844716899963295], [1, -18, 54, 0.4388381810211769, 0.6137562173848495], [1, 55, 91, 0.6110866627360363, 0.4705844430445059], [2, 65, 60, 0.5110235613547415, 0.5567086189912168]]
['00594.jpg', [2, 44, 42, 0.586505495626351, 0.47416813393183654], [2, 3, -168, 0.38098033288040883, 1.2149703600658668]]
['00132.jpg', [1, 84, 141, 0.3875366794653804, 0.2587045181786261], [2, 84, 141, 0.3875366794653804, 0.2587045181786261], [1, 67, 110, 0.3468563478186986, 0.38753052118258074], [1, 82, 82, 0.3289821269397377, 0.49546716508713945], [2, 82, 82, 0.3289821269397377, 0.49546716508713945], [1, 88, 127, 0.3902659068437776, 0.37385503838811895]]
['00020.jpg', [2, 4, -70, 0.36830962126979244, 1.0308548836006979], [1, 11, -5, 0.7290227940730519, 0.4110089213706444], [2, 11, -5, 0.7290227940730519, 0.4110089213706444], [2, 63, 47, 0.42584205921295815, 0.6518328607706324]]
['00131.jpg', [2, 111, 136, 0.5008927618902596, 0.38159115522077813], [2, 92, 158, 0.6106169127728742, 0.3005859720147043], [1, 126, 121, 0.4706040176316838, 0.34741272793122674], [2, 126, 121, 0.4706040176316838, 0.34741272793122674]]
['00208.jpg', [2, -30, -235, 0.42291392571338937, 1.5481551578404908]]
['00381.jpg']
['00307.jpg', [2, 8, -91, 0.3274270661370505, 1.161289440524358]]
['00542.jpg']
['00060.jpg', [2, 77, -143, 0.43011419627560665, 0.9645888454535162]]
['00496.jpg']
['00681.jpg', [2, 59, 55, 0.5039592289509176, 0.42846856355567264]]
['00171.jpg', [2, 11, 2, 0.7136387682454748, 0.5154477084096672], [2, 99, 53, 0.4129332083156751, 0.6875890866136107]]
['00472.jpg', [2, 9, 90, 0.5203533348356038, 0.44810312241444433], [2, -8, -133, 0.48512737517948484, 1.0674305913857058]]
['00375.jpg', [0, 7, 37, 0.5744183727925452, 0.5059539311382485], [0, 170, 50, 0.398946674613596, 0.4831813316822391]]
['00589.jpg', [2, 3, 75, 0.5327712717163798, 0.4948530411404217]]
['00688.jpg', [2, 67, -28, 0.42644040490280233, 0.7628889601781361], [2, 65, 88, 0.6050327342732614, 0.3242973035502196]]
['00581.jpg', [2, 47, -128, 0.404420459585245, 1.2716885252886971], [2, 87, 55, 0.45904003680353506, 0.6728080775339506]]
['00078.jpg', [2, 5, 0, 0.8036386853425809, 0.5177385811614887]]
['00320.jpg', [2, 45, 61, 0.5906555544516762, 0.4096810552404398], [2, 45, -104, 0.350699051210391, 1.1375309538108147], [2, 16, -70, 0.48323010217825496, 0.7737702514550221]]
['00295.jpg', [2, 48, 79, 0.545569177410021, 0.3619314310094377]]
['00605.jpg']
['00021.jpg']
['00556.jpg', [2, -24, -160, 0.36312537342553797, 1.0442183502603626]]
['00607.jpg', [2, 115, 20, 0.37804584899805804, 0.509758608017821]]
['00248.jpg', [2, 80, 31, 0.39164567007801737, 0.7731063358017033]]
['00657.jpg', [0, 91, 64, 0.618562749974271, 0.6234767198629505]]
['00656.jpg', [2, -10, 77, 0.7535923110230233, 0.4025802221960121], [2, -69, -88, 0.523391753175124, 0.8930415639905916]]
['00009.jpg', [2, -4, -78, 0.4562169744415866, 0.722378399728082]]
['00578.jpg', [2, -7, -217, 0.5321072371437209, 1.0882237706192488], [2, 80, 42, 0.429983818124946, 0.6520958611279914]]
['00269.jpg', [2, 135, -30, 0.4343081030190898, 0.5236412926865349], [0, 167, -34, 0.4520425439301802, 0.31238612120322057], [1, 167, -34, 0.4520425439301802, 0.31238612120322057]]
['00030.jpg', [0, 147, 141, 0.3003393944657367, 0.4207679193685416], [0, 129, 58, 0.3813268016913035, 0.4944433540524169], [2, 129, 58, 0.3813268016913035, 0.4944433540524169]]
['00370.jpg', [0, 137, 79, 0.43782670539589047, 0.46062633786968266], [2, 137, 79, 0.43782670539589047, 0.46062633786968266]]
['00544.jpg', [2, 47, 104, 0.5627206222979012, 0.4183220271688455]]
['00432.jpg']
['00461.jpg', [2, -19, 63, 0.7246120027046661, 0.4067574197192016]]
['00362.jpg', [1, 72, 177, 0.34060687176731225, 0.4463068996054958], [1, 36, 20, 0.25070502927530963, 1.190336675482513], [1, 69, 262, 0.30163914267563785, 0.4959317890373436]]
['00127.jpg', [2, 55, 106, 0.5621563472845778, 0.43297960390977686]]
['00531.jpg', [2, 132, 81, 0.5161007823439893, 0.496199985544093], [2, 27, 150, 0.3757384839955974, 0.37516932345654436]]
['00245.jpg', [2, 37, 46, 0.6784300077845843, 0.5521158386608024]]
['00629.jpg']
['00475.jpg']
['00068.jpg', [1, 44, 75, 0.6382054082943381, 0.41099924554126915], [0, 55, 70, 0.5875960122977767, 0.5393787679423765]]
['00561.jpg', [2, 23, 62, 0.7291257983729953, 0.43677770093223717]]
['00143.jpg', [2, 136, 11, 0.4505517756568557, 0.6238684670668164], [2, 1, 135, 0.4325761620175077, 0.33917819541240674]]
['00399.jpg', [2, -7, 68, 0.7216300452386679, 0.5565462058224088]]
['00691.jpg', [2, 32, 24, 0.6432808419035648, 0.4698766049810346], [2, -55, -125, 0.5484759618480419, 0.959622453068547]]
['00112.jpg', [2, 61, 117, 0.5482615728117812, 0.35765814487639624]]
['00465.jpg']
['00577.jpg', [2, 29, 6, 0.606587420085834, 0.386715351726239], [2, -21, -278, 0.494805009429132, 1.5459626359563639], [2, 57, 74, 0.4594180671794714, 0.6218622614439907]]
['00527.jpg', [2, 7, -41, 0.5419516532755903, 0.8046387659603508]]
['00596.jpg']
['00418.jpg', [2, 0, -56, 0.5440078050613724, 0.829184689582694]]
['00323.jpg', [2, -13, 83, 0.5993252509422814, 0.335031259363327]]
['00569.jpg', [2, 107, 41, 0.574924336431489, 0.4022665814902976]]
['00598.jpg', [2, 2, -58, 0.38318745913685937, 0.9042645695481215], [2, 34, 54, 0.5908285107302004, 0.45420835679634064], [0, -89, 67, 0.8018844365931677, 0.39994555403241017], [2, -89, 67, 0.8018844365931677, 0.39994555403241017]]
['00121.jpg', [1, 66, 134, 0.4022111164325886, 0.3602636651382024]]
['00240.jpg', [0, 95, -96, 0.21819856700900683, 1.0627701147688946]]
['00082.jpg', [2, 33, 48, 0.6070383921700646, 0.5654819839314875]]
['00279.jpg', [2, -1, -2, 0.6274561360994165, 0.6211521830968916], [2, 104, 50, 0.4766765742905105, 0.7266187557103487]]
['00067.jpg', [2, 66, -10, 0.5004456520301033, 0.7030086038949191], [2, 22, 76, 0.6914592633878421, 0.4249881737005498], [0, 77, 78, 0.5891160928749382, 0.5500215522710111]]
['00506.jpg', [2, 50, 128, 0.6233092799737315, 0.521305960157092]]
['00247.jpg', [0, 87, 154, 0.29543784525039474, 0.4657813732231598], [1, 87, 154, 0.29543784525039474, 0.4657813732231598]]
['00373.jpg', [2, 130, 63, 0.4531387561368283, 0.40111302886792133], [2, 15, 85, 0.3749663113011755, 0.5536651895846761], [0, 120, 193, 0.38831196698354, 0.30439259684372494], [1, 120, 193, 0.38831196698354, 0.30439259684372494]]
['00181.jpg', [2, 142, 136, 0.5022470910856115, 0.27688754306503494], [2, 117, 149, 0.48552627467655124, 0.2785585516811619], [2, 148, 94, 0.427741553789644, 0.36901804699109714]]
['00142.jpg']
['00579.jpg']
['00305.jpg', [2, 28, -35, 0.7333450220829972, 0.4448004546093397], [2, 101, 16, 0.4765100372305721, 0.6509492167120673]]
['00355.jpg', [2, -7, -77, 0.48123324694419656, 0.9226024702078557]]
['00616.jpg', [0, -40, -33, 0.37994239513016953, 0.7030454972845842], [2, -40, -33, 0.37994239513016953, 0.7030454972845842]]
['00239.jpg']
['00173.jpg', [2, 104, 137, 0.3038332668348244, 0.2788751803172878], [1, 85, 104, 0.23291294666854426, 0.47203338836300807]]
['00374.jpg', [0, 101, 130, 0.39250759675974045, 0.3083256929304102], [1, 101, 130, 0.39250759675974045, 0.3083256929304102]]
['00340.jpg', [2, 74, 55, 0.4559326279644324, 0.5311725309565757]]
['00499.jpg', [2, 16, -124, 0.37895372197679855, 1.1357796656827974]]
['00119.jpg', [0, 113, 23, 0.3073579563163507, 0.34599379627325805], [2, 113, 23, 0.3073579563163507, 0.34599379627325805], [2, 59, -80, 0.37431981095852596, 0.8288809614373353], [2, -26, -109, 0.5164487538276392, 0.9488803299879032], [2, 62, 65, 0.5209375578926456, 0.5855563449348424]]
['00141.jpg', [0, 141, 47, 0.29073430083126905, 0.43150051269960277]]
['00584.jpg']
['00251.jpg']
['00471.jpg', [2, -7, 21, 0.5066770597414284, 0.39844269068499977], [2, -2, -136, 0.3232792863356635, 1.1353839263000434]]
['00158.jpg', [2, 73, -39, 0.4649291946365323, 0.7665193933238724], [1, 57, -73, 0.4144502463603152, 0.8207871397651308], [2, 57, -73, 0.4144502463603152, 0.8207871397651308], [2, 4, -189, 0.4460507770758527, 1.172815149325084]]
['00517.jpg']
['00265.jpg']
['00080.jpg', [2, 23, 108, 0.8685912921727329, 0.3189671830904356], [2, 44, -9, 0.42482904713461345, 0.7427982767051003]]
['00126.jpg', [2, 49, -3, 0.5619211764403381, 0.47465585831879537]]
['00037.jpg', [2, 74, 72, 0.4090360630372104, 0.45281094876032496]]
['00676.jpg']
['00453.jpg', [2, 128, 83, 0.4586300660611014, 0.3264208750579136]]
['00501.jpg', [1, 69, 136, 0.3985199367982461, 0.45202213580457423], [2, 69, 136, 0.3985199367982461, 0.45202213580457423], [1, 26, 108, 0.34466085067465546, 0.771825247341001]]
['00178.jpg']
